('image_id', tensor([354929, 413948, 421297,  60434, 353907, 144870, 182969, 149469, 268397,
        143980, 578580,  60671, 563297, 334260, 164249,  91912, 516879, 439621,
         73420, 525218, 428698, 103966, 426031, 299786, 545581, 345531,  93953,
        446365, 293741, 305393, 290398, 253474, 487061,  52365, 184504, 278963,
        369869, 395204, 576608, 144033, 106287,  48895, 515829, 573966, 459471,
        556865, 451872, 551752,  42109, 448471, 203551, 245426, 487796, 341132,
        268798, 285302, 187514, 364862, 430537, 290836, 435792, 285647,  17100,
        551956, 522191, 301106, 113998, 404403, 556021, 312326, 455322, 484570,
        443033, 334957, 345372, 426841, 571038, 556003, 230721, 273088, 310082,
         43850, 545082, 238502, 139012, 440105,  31730, 293435, 132417,  82106,
        542027,  58465, 191197, 430804, 209356, 535089, 159929, 188757,  90257,
        187047, 417619, 136870, 142806,  41233, 259374, 577853, 479328, 145452,
        527002, 549328,  30607, 255004, 466774, 428788, 162908, 550645, 211389,
        221846, 225175, 484075,  87207,  29405, 122120, 322971, 457599, 407180,
        567410, 294652, 287531,  18424, 219250, 492492, 210190, 168779, 495356,
         57376, 562777, 388829,  43968, 236246, 310543, 170172,  24428, 353519,
        118895, 318108, 507135, 487607,  14261, 564352], device='cuda:0'))('image_features', tensor([[[0.0000e+00, 0.0000e+00, 8.2564e-01,  ..., 4.2570e+00,
          0.0000e+00, 0.0000e+00],
         [0.0000e+00, 0.0000e+00, 1.9355e+00,  ..., 5.2008e+00,
          0.0000e+00, 0.0000e+00],
         [0.0000e+00, 0.0000e+00, 3.8498e-02,  ..., 8.4610e-01,
          0.0000e+00, 0.0000e+00],
         ...,
         [0.0000e+00, 0.0000e+00, 0.0000e+00,  ..., 0.0000e+00,
          0.0000e+00, 0.0000e+00],
         [0.0000e+00, 0.0000e+00, 0.0000e+00,  ..., 0.0000e+00,
          0.0000e+00, 0.0000e+00],
         [0.0000e+00, 0.0000e+00, 0.0000e+00,  ..., 0.0000e+00,
          0.0000e+00, 0.0000e+00]],

        [[3.2325e-01, 9.4526e-02, 0.0000e+00,  ..., 2.2314e+00,
          3.5143e+00, 9.2976e-01],
         [1.3093e-02, 1.1822e-01, 0.0000e+00,  ..., 1.5180e-01,
          3.2973e-02, 5.9741e-01],
         [7.2197e-02, 4.8482e-02, 0.0000e+00,  ..., 1.3397e+00,
          2.5994e+00, 5.2186e-01],
         ...,
         [0.0000e+00, 0.0000e+00, 0.0000e+00,  ..., 0.0000e+00,
          0.0000e+00, 0.0000e+00],
         [0.0000e+00, 0.0000e+00, 0.0000e+00,  ..., 0.0000e+00,
          0.0000e+00, 0.0000e+00],
         [0.0000e+00, 0.0000e+00, 0.0000e+00,  ..., 0.0000e+00,
          0.0000e+00, 0.0000e+00]],

        [[0.0000e+00, 4.2469e+00, 3.0576e-01,  ..., 0.0000e+00,
          7.6938e-02, 7.0680e-01],
         [6.4157e-01, 3.7243e-01, 1.8914e-01,  ..., 3.6740e-01,
          1.9995e+00, 2.3665e-01],
         [3.5009e-01, 3.1162e-01, 1.2846e+00,  ..., 0.0000e+00,
          0.0000e+00, 0.0000e+00],
         ...,
         [0.0000e+00, 0.0000e+00, 0.0000e+00,  ..., 0.0000e+00,
          0.0000e+00, 0.0000e+00],
         [0.0000e+00, 0.0000e+00, 0.0000e+00,  ..., 0.0000e+00,
          0.0000e+00, 0.0000e+00],
         [0.0000e+00, 0.0000e+00, 0.0000e+00,  ..., 0.0000e+00,
          0.0000e+00, 0.0000e+00]],

        ...,

        [[0.0000e+00, 4.1992e-02, 0.0000e+00,  ..., 3.4689e-03,
          0.0000e+00, 2.7175e-02],
         [2.9332e-01, 7.3770e-02, 5.3286e-03,  ..., 7.6853e-02,
          7.2042e+00, 2.0065e-01],
         [0.0000e+00, 1.6481e+00, 2.0597e+00,  ..., 0.0000e+00,
          0.0000e+00, 0.0000e+00],
         ...,
         [0.0000e+00, 0.0000e+00, 0.0000e+00,  ..., 0.0000e+00,
          0.0000e+00, 0.0000e+00],
         [0.0000e+00, 0.0000e+00, 0.0000e+00,  ..., 0.0000e+00,
          0.0000e+00, 0.0000e+00],
         [0.0000e+00, 0.0000e+00, 0.0000e+00,  ..., 0.0000e+00,
          0.0000e+00, 0.0000e+00]],

        [[1.1398e-01, 0.0000e+00, 0.0000e+00,  ..., 0.0000e+00,
          2.0104e-02, 0.0000e+00],
         [0.0000e+00, 0.0000e+00, 0.0000e+00,  ..., 0.0000e+00,
          2.5019e-01, 1.5292e-02],
         [0.0000e+00, 1.0003e-01, 2.5221e-02,  ..., 0.0000e+00,
          0.0000e+00, 0.0000e+00],
         ...,
         [0.0000e+00, 0.0000e+00, 0.0000e+00,  ..., 0.0000e+00,
          0.0000e+00, 0.0000e+00],
         [0.0000e+00, 0.0000e+00, 0.0000e+00,  ..., 0.0000e+00,
          0.0000e+00, 0.0000e+00],
         [0.0000e+00, 0.0000e+00, 0.0000e+00,  ..., 0.0000e+00,
          0.0000e+00, 0.0000e+00]],

        [[0.0000e+00, 6.9644e-01, 0.0000e+00,  ..., 3.8139e-01,
          2.2647e-01, 0.0000e+00],
         [0.0000e+00, 9.6785e-01, 0.0000e+00,  ..., 0.0000e+00,
          0.0000e+00, 4.5819e-01],
         [0.0000e+00, 1.0654e-01, 0.0000e+00,  ..., 1.0204e+00,
          1.2706e-02, 0.0000e+00],
         ...,
         [0.0000e+00, 0.0000e+00, 0.0000e+00,  ..., 0.0000e+00,
          0.0000e+00, 0.0000e+00],
         [0.0000e+00, 0.0000e+00, 0.0000e+00,  ..., 0.0000e+00,
          0.0000e+00, 0.0000e+00],
         [0.0000e+00, 0.0000e+00, 0.0000e+00,  ..., 0.0000e+00,
          0.0000e+00, 0.0000e+00]]], device='cuda:0'))('caption_tokens', tensor([[  481,  5919,  6069,  ...,     0,     0,     0],
        [   75,  6541,  7108,  ...,     0,     0,     0],
        [ 9169,  9823,  6030,  ...,     0,     0,     0],
        ...,
        [   75,  5345,  8567,  ...,     0,     0,     0],
        [   75, 10017,  2860,  ...,     0,     0,     0],
        [   75,  5345,  8084,  ...,     0,     0,     0]], device='cuda:0'))('image_id', tensor([ 82486, 518481, 557923, 167330, 527098,  42453, 106843, 556246, 342715,
        226404, 475195, 421599, 273592, 468132, 200351, 159449, 168093, 557508,
        142298, 212382, 341852, 375566, 323399, 149060, 314614, 163991, 431742,
        264568,  21378, 575246,  62245, 184159,  37624, 353409, 240762, 256560,
        253537, 345823,  69906, 176509, 368702,  96064,  99119, 154725, 562960,
        100517, 280424, 295329,  16346, 158913,  59451, 513837, 167989, 374916,
         99851,  18490, 504164,  20641, 141807, 188795, 131884,  89071, 446271,
        475056, 282485, 398799, 273102, 244816, 418882, 218173, 518605, 119854,
        108259, 269827, 435041, 227316,  52426, 458448, 296410, 489741, 121087,
        391320,  82904, 156104, 289515, 473100, 208132, 383324,  75412, 260400,
        512116, 329118, 482775, 510304, 131714, 211108, 465853, 482561, 315939,
        403666,  84183, 474174, 336369, 135539, 334517, 537608, 162828, 381576,
        216861, 219411, 403427, 317234,  14446, 130163, 251504, 129068, 213592,
        263780, 462791, 207431, 121365,   1815, 460389, 161602, 382969, 447095,
         88414, 434866, 301403, 294247, 356974, 151299,   1083, 367146, 128695,
        578171, 277700, 191893,  41785, 176969, 219897, 114541,  68878, 445859,
        142744,  68377, 456091, 277334, 458073, 255728], device='cuda:0'))('image_features', tensor([[[3.0823e-01, 8.4398e-01, 0.0000e+00,  ..., 3.2057e-02,
          0.0000e+00, 1.0934e-01],
         [4.3769e-01, 1.1462e+00, 1.2259e-02,  ..., 1.8310e-01,
          2.3169e-02, 2.3677e-01],
         [3.6166e-03, 1.0666e-01, 1.4435e-03,  ..., 2.8108e-01,
          0.0000e+00, 2.5969e-03],
         ...,
         [0.0000e+00, 0.0000e+00, 0.0000e+00,  ..., 0.0000e+00,
          0.0000e+00, 0.0000e+00],
         [0.0000e+00, 0.0000e+00, 0.0000e+00,  ..., 0.0000e+00,
          0.0000e+00, 0.0000e+00],
         [0.0000e+00, 0.0000e+00, 0.0000e+00,  ..., 0.0000e+00,
          0.0000e+00, 0.0000e+00]],

        [[3.3007e-01, 1.0145e+00, 1.3817e-01,  ..., 2.5763e+00,
          0.0000e+00, 7.7524e-02],
         [6.3821e-01, 3.6390e-01, 2.1363e-02,  ..., 1.2368e+00,
          0.0000e+00, 0.0000e+00],
         [3.1077e-01, 9.1739e-01, 2.2746e-02,  ..., 3.1224e+00,
          0.0000e+00, 5.1905e-01],
         ...,
         [0.0000e+00, 0.0000e+00, 0.0000e+00,  ..., 0.0000e+00,
          0.0000e+00, 0.0000e+00],
         [0.0000e+00, 0.0000e+00, 0.0000e+00,  ..., 0.0000e+00,
          0.0000e+00, 0.0000e+00],
         [0.0000e+00, 0.0000e+00, 0.0000e+00,  ..., 0.0000e+00,
          0.0000e+00, 0.0000e+00]],

        [[0.0000e+00, 0.0000e+00, 2.4287e-01,  ..., 6.0405e+00,
          0.0000e+00, 1.3833e-01],
         [0.0000e+00, 4.3513e-01, 4.3857e+00,  ..., 5.3578e+00,
          0.0000e+00, 0.0000e+00],
         [7.6506e-03, 0.0000e+00, 2.8530e-01,  ..., 5.1076e+00,
          0.0000e+00, 5.4979e-02],
         ...,
         [0.0000e+00, 0.0000e+00, 0.0000e+00,  ..., 0.0000e+00,
          0.0000e+00, 0.0000e+00],
         [0.0000e+00, 0.0000e+00, 0.0000e+00,  ..., 0.0000e+00,
          0.0000e+00, 0.0000e+00],
         [0.0000e+00, 0.0000e+00, 0.0000e+00,  ..., 0.0000e+00,
          0.0000e+00, 0.0000e+00]],

        ...,

        [[0.0000e+00, 3.4487e-02, 0.0000e+00,  ..., 5.2571e-01,
          0.0000e+00, 7.9354e-02],
         [0.0000e+00, 8.9494e-03, 0.0000e+00,  ..., 1.1681e+00,
          7.6711e-02, 0.0000e+00],
         [0.0000e+00, 3.4480e-01, 9.0398e-01,  ..., 5.2396e+00,
          1.4195e+00, 7.8694e-02],
         ...,
         [0.0000e+00, 0.0000e+00, 0.0000e+00,  ..., 0.0000e+00,
          0.0000e+00, 0.0000e+00],
         [0.0000e+00, 0.0000e+00, 0.0000e+00,  ..., 0.0000e+00,
          0.0000e+00, 0.0000e+00],
         [0.0000e+00, 0.0000e+00, 0.0000e+00,  ..., 0.0000e+00,
          0.0000e+00, 0.0000e+00]],

        [[0.0000e+00, 2.0955e+00, 4.9210e-03,  ..., 2.9838e-01,
          0.0000e+00, 0.0000e+00],
         [5.3151e-03, 1.0666e+00, 0.0000e+00,  ..., 6.4988e-01,
          0.0000e+00, 0.0000e+00],
         [3.5923e-01, 4.2088e-01, 4.6689e-01,  ..., 1.9901e-01,
          1.9104e+00, 1.8388e-01],
         ...,
         [0.0000e+00, 0.0000e+00, 0.0000e+00,  ..., 0.0000e+00,
          0.0000e+00, 0.0000e+00],
         [0.0000e+00, 0.0000e+00, 0.0000e+00,  ..., 0.0000e+00,
          0.0000e+00, 0.0000e+00],
         [0.0000e+00, 0.0000e+00, 0.0000e+00,  ..., 0.0000e+00,
          0.0000e+00, 0.0000e+00]],

        [[6.1032e-02, 2.4383e+00, 6.3270e-03,  ..., 3.7462e+00,
          4.0055e-01, 9.8520e-02],
         [0.0000e+00, 1.8492e-02, 9.6446e-01,  ..., 2.0376e+00,
          2.5263e-02, 2.0032e+00],
         [0.0000e+00, 3.4566e+00, 1.6039e+00,  ..., 8.4617e+00,
          0.0000e+00, 4.6491e+00],
         ...,
         [0.0000e+00, 0.0000e+00, 0.0000e+00,  ..., 0.0000e+00,
          0.0000e+00, 0.0000e+00],
         [0.0000e+00, 0.0000e+00, 0.0000e+00,  ..., 0.0000e+00,
          0.0000e+00, 0.0000e+00],
         [0.0000e+00, 0.0000e+00, 0.0000e+00,  ..., 0.0000e+00,
          0.0000e+00, 0.0000e+00]]], device='cuda:0'))('caption_tokens', tensor([[  260,  6571,  6030,  ...,     0,     0,     0],
        [   75,  7485, 10164,  ...,     0,     0,     0],
        [ 9579,  6510,  4538,  ...,     0,     0,     0],
        ...,
        [ 6510,   395,  9905,  ...,     0,     0,     0],
        [  293,  6056,  9545,  ...,     0,     0,     0],
        [   75,  8226,   196,  ...,     0,     0,     0]], device='cuda:0'))('image_id', tensor([207880, 313923,  87205, 232275, 280242, 430702, 120412, 407945, 557596,
        360585, 422866, 227840, 360300, 222639, 185925, 386589, 568562, 350686,
        194605, 110759, 495377, 474741, 252768, 154241, 367699, 544104, 549427,
        157657,  89378, 395339,  74127, 573223, 559040, 275197, 135815, 493753,
        414822, 535393,  72988,  68601, 342476,  28953, 207292, 338741, 192454,
        237514,  95297, 484973, 229350, 387369,  64279, 220915, 565683, 393423,
        142225, 466373,  11313, 247421, 148004, 226091, 177762,  97729, 510861,
        576233, 189301, 189741, 248319, 112734, 171806, 436199, 259374, 508939,
        234430, 569261,  16064, 120964,  53642, 564926, 106154, 545145, 457705,
        515072, 522616, 346605, 491804, 397486,  58708, 248019, 402387,  91935,
        261207,  90010, 422350, 404655, 431167, 277085, 248255, 129502, 151084,
        288263, 555898, 244666, 226412, 560326, 563436, 467640, 556638, 182398,
        324950, 577176, 466260, 339240, 525567, 446218, 127856, 379733, 301597,
        569697, 504108, 119868, 550944, 413126, 428881, 197350, 175126, 182379,
        169047,  36124, 351112, 158878, 439531, 560459, 101246, 427319, 447728,
        569716, 160415,  45101, 310673, 449721, 284527, 368565, 197094, 353301,
        412687, 184405, 165990, 321318, 310752, 277383], device='cuda:0'))('image_features', tensor([[[2.4416e-02, 4.1859e+00, 1.2343e-01,  ..., 1.4583e-01,
          2.4181e-03, 5.4087e-01],
         [8.3469e-02, 4.5488e+00, 0.0000e+00,  ..., 0.0000e+00,
          2.4048e-01, 2.8737e-03],
         [1.2020e-01, 4.0195e+00, 4.9412e-03,  ..., 0.0000e+00,
          1.9290e-01, 0.0000e+00],
         ...,
         [0.0000e+00, 0.0000e+00, 0.0000e+00,  ..., 0.0000e+00,
          0.0000e+00, 0.0000e+00],
         [0.0000e+00, 0.0000e+00, 0.0000e+00,  ..., 0.0000e+00,
          0.0000e+00, 0.0000e+00],
         [0.0000e+00, 0.0000e+00, 0.0000e+00,  ..., 0.0000e+00,
          0.0000e+00, 0.0000e+00]],

        [[0.0000e+00, 3.6274e-01, 3.4119e-01,  ..., 2.8043e-01,
          8.5258e-02, 3.7714e-03],
         [8.5718e-01, 0.0000e+00, 0.0000e+00,  ..., 0.0000e+00,
          0.0000e+00, 0.0000e+00],
         [0.0000e+00, 1.8635e-02, 1.0077e-01,  ..., 1.4419e+00,
          1.5091e-01, 1.0363e-02],
         ...,
         [0.0000e+00, 0.0000e+00, 0.0000e+00,  ..., 0.0000e+00,
          0.0000e+00, 0.0000e+00],
         [0.0000e+00, 0.0000e+00, 0.0000e+00,  ..., 0.0000e+00,
          0.0000e+00, 0.0000e+00],
         [0.0000e+00, 0.0000e+00, 0.0000e+00,  ..., 0.0000e+00,
          0.0000e+00, 0.0000e+00]],

        [[9.1204e-01, 7.0507e-02, 2.9231e-02,  ..., 7.4428e+00,
          8.6048e-01, 3.5543e-01],
         [0.0000e+00, 0.0000e+00, 1.1569e-03,  ..., 6.8875e+00,
          7.9229e-02, 6.5003e-02],
         [1.1650e-01, 2.3611e-02, 1.7996e-02,  ..., 8.3199e+00,
          0.0000e+00, 2.3777e-01],
         ...,
         [0.0000e+00, 0.0000e+00, 0.0000e+00,  ..., 0.0000e+00,
          0.0000e+00, 0.0000e+00],
         [0.0000e+00, 0.0000e+00, 0.0000e+00,  ..., 0.0000e+00,
          0.0000e+00, 0.0000e+00],
         [0.0000e+00, 0.0000e+00, 0.0000e+00,  ..., 0.0000e+00,
          0.0000e+00, 0.0000e+00]],

        ...,

        [[1.3049e+00, 1.5213e-02, 0.0000e+00,  ..., 0.0000e+00,
          1.3557e-04, 0.0000e+00],
         [1.0804e-02, 1.4805e+00, 4.7554e-01,  ..., 0.0000e+00,
          4.6143e-01, 0.0000e+00],
         [7.7421e-01, 0.0000e+00, 0.0000e+00,  ..., 0.0000e+00,
          2.9849e-01, 1.7630e+00],
         ...,
         [0.0000e+00, 0.0000e+00, 0.0000e+00,  ..., 0.0000e+00,
          0.0000e+00, 0.0000e+00],
         [0.0000e+00, 0.0000e+00, 0.0000e+00,  ..., 0.0000e+00,
          0.0000e+00, 0.0000e+00],
         [0.0000e+00, 0.0000e+00, 0.0000e+00,  ..., 0.0000e+00,
          0.0000e+00, 0.0000e+00]],

        [[1.8764e+00, 1.3700e-01, 0.0000e+00,  ..., 0.0000e+00,
          1.9107e+00, 4.9026e-01],
         [6.7028e-02, 4.1549e-03, 5.7119e-02,  ..., 0.0000e+00,
          6.2931e-01, 3.7467e+00],
         [2.3209e+00, 8.6248e-02, 0.0000e+00,  ..., 0.0000e+00,
          1.1425e-02, 3.1235e+00],
         ...,
         [0.0000e+00, 0.0000e+00, 0.0000e+00,  ..., 0.0000e+00,
          0.0000e+00, 0.0000e+00],
         [0.0000e+00, 0.0000e+00, 0.0000e+00,  ..., 0.0000e+00,
          0.0000e+00, 0.0000e+00],
         [0.0000e+00, 0.0000e+00, 0.0000e+00,  ..., 0.0000e+00,
          0.0000e+00, 0.0000e+00]],

        [[1.0121e-02, 3.9450e-01, 0.0000e+00,  ..., 1.7123e-02,
          4.3067e-01, 0.0000e+00],
         [3.6654e-01, 0.0000e+00, 4.0663e-02,  ..., 3.1415e-01,
          0.0000e+00, 9.8734e-01],
         [1.7469e-01, 2.2081e-01, 1.0221e-02,  ..., 2.0720e+00,
          2.8559e+00, 7.8360e-03],
         ...,
         [0.0000e+00, 0.0000e+00, 0.0000e+00,  ..., 0.0000e+00,
          0.0000e+00, 0.0000e+00],
         [0.0000e+00, 0.0000e+00, 0.0000e+00,  ..., 0.0000e+00,
          0.0000e+00, 0.0000e+00],
         [0.0000e+00, 0.0000e+00, 0.0000e+00,  ..., 0.0000e+00,
          0.0000e+00, 0.0000e+00]]], device='cuda:0'))('caption_tokens', tensor([[   75, 10296,  8567,  ...,     0,     0,     0],
        [   75,  5345,  6069,  ...,     0,     0,     0],
        [   75,  2027,  4678,  ...,     0,     0,     0],
        ...,
        [   75,   708,  6715,  ...,     0,     0,     0],
        [ 9169,  6667,  6069,  ...,     0,     0,     0],
        [   75,  6262,  6030,  ...,     0,     0,     0]], device='cuda:0'))('image_id', tensor([354929, 413948, 421297,  60434, 353907, 144870, 182969, 149469, 268397,
        143980, 578580,  60671, 563297, 334260, 164249,  91912, 516879, 439621,
         73420, 525218, 428698, 103966, 426031, 299786, 545581, 345531,  93953,
        446365, 293741, 305393, 290398, 253474, 487061,  52365, 184504, 278963,
        369869, 395204, 576608, 144033, 106287,  48895, 515829, 573966, 459471,
        556865, 451872, 551752,  42109, 448471, 203551, 245426, 487796, 341132,
        268798, 285302, 187514, 364862, 430537, 290836, 435792, 285647,  17100,
        551956, 522191, 301106, 113998, 404403, 556021, 312326, 455322, 484570,
        443033, 334957, 345372, 426841, 571038, 556003, 230721, 273088, 310082,
         43850, 545082, 238502, 139012, 440105,  31730, 293435, 132417,  82106,
        542027,  58465, 191197, 430804, 209356, 535089, 159929, 188757,  90257,
        187047, 417619, 136870, 142806,  41233, 259374, 577853, 479328, 145452,
        527002, 549328,  30607, 255004, 466774, 428788, 162908, 550645, 211389,
        221846, 225175, 484075,  87207,  29405, 122120, 322971, 457599, 407180,
        567410, 294652, 287531,  18424, 219250, 492492, 210190, 168779, 495356,
         57376, 562777, 388829,  43968, 236246, 310543, 170172,  24428, 353519,
        118895, 318108, 507135, 487607,  14261, 564352], device='cuda:0'))('image_features', tensor([[[0.0000e+00, 0.0000e+00, 8.2564e-01,  ..., 4.2570e+00,
          0.0000e+00, 0.0000e+00],
         [0.0000e+00, 0.0000e+00, 1.9355e+00,  ..., 5.2008e+00,
          0.0000e+00, 0.0000e+00],
         [0.0000e+00, 0.0000e+00, 3.8498e-02,  ..., 8.4610e-01,
          0.0000e+00, 0.0000e+00],
         ...,
         [0.0000e+00, 0.0000e+00, 0.0000e+00,  ..., 0.0000e+00,
          0.0000e+00, 0.0000e+00],
         [0.0000e+00, 0.0000e+00, 0.0000e+00,  ..., 0.0000e+00,
          0.0000e+00, 0.0000e+00],
         [0.0000e+00, 0.0000e+00, 0.0000e+00,  ..., 0.0000e+00,
          0.0000e+00, 0.0000e+00]],

        [[3.2325e-01, 9.4526e-02, 0.0000e+00,  ..., 2.2314e+00,
          3.5143e+00, 9.2976e-01],
         [1.3093e-02, 1.1822e-01, 0.0000e+00,  ..., 1.5180e-01,
          3.2973e-02, 5.9741e-01],
         [7.2197e-02, 4.8482e-02, 0.0000e+00,  ..., 1.3397e+00,
          2.5994e+00, 5.2186e-01],
         ...,
         [0.0000e+00, 0.0000e+00, 0.0000e+00,  ..., 0.0000e+00,
          0.0000e+00, 0.0000e+00],
         [0.0000e+00, 0.0000e+00, 0.0000e+00,  ..., 0.0000e+00,
          0.0000e+00, 0.0000e+00],
         [0.0000e+00, 0.0000e+00, 0.0000e+00,  ..., 0.0000e+00,
          0.0000e+00, 0.0000e+00]],

        [[0.0000e+00, 4.2469e+00, 3.0576e-01,  ..., 0.0000e+00,
          7.6938e-02, 7.0680e-01],
         [6.4157e-01, 3.7243e-01, 1.8914e-01,  ..., 3.6740e-01,
          1.9995e+00, 2.3665e-01],
         [3.5009e-01, 3.1162e-01, 1.2846e+00,  ..., 0.0000e+00,
          0.0000e+00, 0.0000e+00],
         ...,
         [0.0000e+00, 0.0000e+00, 0.0000e+00,  ..., 0.0000e+00,
          0.0000e+00, 0.0000e+00],
         [0.0000e+00, 0.0000e+00, 0.0000e+00,  ..., 0.0000e+00,
          0.0000e+00, 0.0000e+00],
         [0.0000e+00, 0.0000e+00, 0.0000e+00,  ..., 0.0000e+00,
          0.0000e+00, 0.0000e+00]],

        ...,

        [[0.0000e+00, 4.1992e-02, 0.0000e+00,  ..., 3.4689e-03,
          0.0000e+00, 2.7175e-02],
         [2.9332e-01, 7.3770e-02, 5.3286e-03,  ..., 7.6853e-02,
          7.2042e+00, 2.0065e-01],
         [0.0000e+00, 1.6481e+00, 2.0597e+00,  ..., 0.0000e+00,
          0.0000e+00, 0.0000e+00],
         ...,
         [0.0000e+00, 0.0000e+00, 0.0000e+00,  ..., 0.0000e+00,
          0.0000e+00, 0.0000e+00],
         [0.0000e+00, 0.0000e+00, 0.0000e+00,  ..., 0.0000e+00,
          0.0000e+00, 0.0000e+00],
         [0.0000e+00, 0.0000e+00, 0.0000e+00,  ..., 0.0000e+00,
          0.0000e+00, 0.0000e+00]],

        [[1.1398e-01, 0.0000e+00, 0.0000e+00,  ..., 0.0000e+00,
          2.0104e-02, 0.0000e+00],
         [0.0000e+00, 0.0000e+00, 0.0000e+00,  ..., 0.0000e+00,
          2.5019e-01, 1.5292e-02],
         [0.0000e+00, 1.0003e-01, 2.5221e-02,  ..., 0.0000e+00,
          0.0000e+00, 0.0000e+00],
         ...,
         [0.0000e+00, 0.0000e+00, 0.0000e+00,  ..., 0.0000e+00,
          0.0000e+00, 0.0000e+00],
         [0.0000e+00, 0.0000e+00, 0.0000e+00,  ..., 0.0000e+00,
          0.0000e+00, 0.0000e+00],
         [0.0000e+00, 0.0000e+00, 0.0000e+00,  ..., 0.0000e+00,
          0.0000e+00, 0.0000e+00]],

        [[0.0000e+00, 6.9644e-01, 0.0000e+00,  ..., 3.8139e-01,
          2.2647e-01, 0.0000e+00],
         [0.0000e+00, 9.6785e-01, 0.0000e+00,  ..., 0.0000e+00,
          0.0000e+00, 4.5819e-01],
         [0.0000e+00, 1.0654e-01, 0.0000e+00,  ..., 1.0204e+00,
          1.2706e-02, 0.0000e+00],
         ...,
         [0.0000e+00, 0.0000e+00, 0.0000e+00,  ..., 0.0000e+00,
          0.0000e+00, 0.0000e+00],
         [0.0000e+00, 0.0000e+00, 0.0000e+00,  ..., 0.0000e+00,
          0.0000e+00, 0.0000e+00],
         [0.0000e+00, 0.0000e+00, 0.0000e+00,  ..., 0.0000e+00,
          0.0000e+00, 0.0000e+00]]], device='cuda:0'))('caption_tokens', tensor([[  481,  5919,  6069,  ...,     0,     0,     0],
        [   75,  6541,  7108,  ...,     0,     0,     0],
        [ 9169,  9823,  6030,  ...,     0,     0,     0],
        ...,
        [   75,  5345,  8567,  ...,     0,     0,     0],
        [   75, 10017,  2860,  ...,     0,     0,     0],
        [   75,  5345,  8084,  ...,     0,     0,     0]], device='cuda:0'))('image_id', tensor([ 82486, 518481, 557923, 167330, 527098,  42453, 106843, 556246, 342715,
        226404, 475195, 421599, 273592, 468132, 200351, 159449, 168093, 557508,
        142298, 212382, 341852, 375566, 323399, 149060, 314614, 163991, 431742,
        264568,  21378, 575246,  62245, 184159,  37624, 353409, 240762, 256560,
        253537, 345823,  69906, 176509, 368702,  96064,  99119, 154725, 562960,
        100517, 280424, 295329,  16346, 158913,  59451, 513837, 167989, 374916,
         99851,  18490, 504164,  20641, 141807, 188795, 131884,  89071, 446271,
        475056, 282485, 398799, 273102, 244816, 418882, 218173, 518605, 119854,
        108259, 269827, 435041, 227316,  52426, 458448, 296410, 489741, 121087,
        391320,  82904, 156104, 289515, 473100, 208132, 383324,  75412, 260400,
        512116, 329118, 482775, 510304, 131714, 211108, 465853, 482561, 315939,
        403666,  84183, 474174, 336369, 135539, 334517, 537608, 162828, 381576,
        216861, 219411, 403427, 317234,  14446, 130163, 251504, 129068, 213592,
        263780, 462791, 207431, 121365,   1815, 460389, 161602, 382969, 447095,
         88414, 434866, 301403, 294247, 356974, 151299,   1083, 367146, 128695,
        578171, 277700, 191893,  41785, 176969, 219897, 114541,  68878, 445859,
        142744,  68377, 456091, 277334, 458073, 255728], device='cuda:0'))('image_features', tensor([[[3.0823e-01, 8.4398e-01, 0.0000e+00,  ..., 3.2057e-02,
          0.0000e+00, 1.0934e-01],
         [4.3769e-01, 1.1462e+00, 1.2259e-02,  ..., 1.8310e-01,
          2.3169e-02, 2.3677e-01],
         [3.6166e-03, 1.0666e-01, 1.4435e-03,  ..., 2.8108e-01,
          0.0000e+00, 2.5969e-03],
         ...,
         [0.0000e+00, 0.0000e+00, 0.0000e+00,  ..., 0.0000e+00,
          0.0000e+00, 0.0000e+00],
         [0.0000e+00, 0.0000e+00, 0.0000e+00,  ..., 0.0000e+00,
          0.0000e+00, 0.0000e+00],
         [0.0000e+00, 0.0000e+00, 0.0000e+00,  ..., 0.0000e+00,
          0.0000e+00, 0.0000e+00]],

        [[3.3007e-01, 1.0145e+00, 1.3817e-01,  ..., 2.5763e+00,
          0.0000e+00, 7.7524e-02],
         [6.3821e-01, 3.6390e-01, 2.1363e-02,  ..., 1.2368e+00,
          0.0000e+00, 0.0000e+00],
         [3.1077e-01, 9.1739e-01, 2.2746e-02,  ..., 3.1224e+00,
          0.0000e+00, 5.1905e-01],
         ...,
         [0.0000e+00, 0.0000e+00, 0.0000e+00,  ..., 0.0000e+00,
          0.0000e+00, 0.0000e+00],
         [0.0000e+00, 0.0000e+00, 0.0000e+00,  ..., 0.0000e+00,
          0.0000e+00, 0.0000e+00],
         [0.0000e+00, 0.0000e+00, 0.0000e+00,  ..., 0.0000e+00,
          0.0000e+00, 0.0000e+00]],

        [[0.0000e+00, 0.0000e+00, 2.4287e-01,  ..., 6.0405e+00,
          0.0000e+00, 1.3833e-01],
         [0.0000e+00, 4.3513e-01, 4.3857e+00,  ..., 5.3578e+00,
          0.0000e+00, 0.0000e+00],
         [7.6506e-03, 0.0000e+00, 2.8530e-01,  ..., 5.1076e+00,
          0.0000e+00, 5.4979e-02],
         ...,
         [0.0000e+00, 0.0000e+00, 0.0000e+00,  ..., 0.0000e+00,
          0.0000e+00, 0.0000e+00],
         [0.0000e+00, 0.0000e+00, 0.0000e+00,  ..., 0.0000e+00,
          0.0000e+00, 0.0000e+00],
         [0.0000e+00, 0.0000e+00, 0.0000e+00,  ..., 0.0000e+00,
          0.0000e+00, 0.0000e+00]],

        ...,

        [[0.0000e+00, 3.4487e-02, 0.0000e+00,  ..., 5.2571e-01,
          0.0000e+00, 7.9354e-02],
         [0.0000e+00, 8.9494e-03, 0.0000e+00,  ..., 1.1681e+00,
          7.6711e-02, 0.0000e+00],
         [0.0000e+00, 3.4480e-01, 9.0398e-01,  ..., 5.2396e+00,
          1.4195e+00, 7.8694e-02],
         ...,
         [0.0000e+00, 0.0000e+00, 0.0000e+00,  ..., 0.0000e+00,
          0.0000e+00, 0.0000e+00],
         [0.0000e+00, 0.0000e+00, 0.0000e+00,  ..., 0.0000e+00,
          0.0000e+00, 0.0000e+00],
         [0.0000e+00, 0.0000e+00, 0.0000e+00,  ..., 0.0000e+00,
          0.0000e+00, 0.0000e+00]],

        [[0.0000e+00, 2.0955e+00, 4.9210e-03,  ..., 2.9838e-01,
          0.0000e+00, 0.0000e+00],
         [5.3151e-03, 1.0666e+00, 0.0000e+00,  ..., 6.4988e-01,
          0.0000e+00, 0.0000e+00],
         [3.5923e-01, 4.2088e-01, 4.6689e-01,  ..., 1.9901e-01,
          1.9104e+00, 1.8388e-01],
         ...,
         [0.0000e+00, 0.0000e+00, 0.0000e+00,  ..., 0.0000e+00,
          0.0000e+00, 0.0000e+00],
         [0.0000e+00, 0.0000e+00, 0.0000e+00,  ..., 0.0000e+00,
          0.0000e+00, 0.0000e+00],
         [0.0000e+00, 0.0000e+00, 0.0000e+00,  ..., 0.0000e+00,
          0.0000e+00, 0.0000e+00]],

        [[6.1032e-02, 2.4383e+00, 6.3270e-03,  ..., 3.7462e+00,
          4.0055e-01, 9.8520e-02],
         [0.0000e+00, 1.8492e-02, 9.6446e-01,  ..., 2.0376e+00,
          2.5263e-02, 2.0032e+00],
         [0.0000e+00, 3.4566e+00, 1.6039e+00,  ..., 8.4617e+00,
          0.0000e+00, 4.6491e+00],
         ...,
         [0.0000e+00, 0.0000e+00, 0.0000e+00,  ..., 0.0000e+00,
          0.0000e+00, 0.0000e+00],
         [0.0000e+00, 0.0000e+00, 0.0000e+00,  ..., 0.0000e+00,
          0.0000e+00, 0.0000e+00],
         [0.0000e+00, 0.0000e+00, 0.0000e+00,  ..., 0.0000e+00,
          0.0000e+00, 0.0000e+00]]], device='cuda:0'))('caption_tokens', tensor([[  260,  6571,  6030,  ...,     0,     0,     0],
        [   75,  7485, 10164,  ...,     0,     0,     0],
        [ 9579,  6510,  4538,  ...,     0,     0,     0],
        ...,
        [ 6510,   395,  9905,  ...,     0,     0,     0],
        [  293,  6056,  9545,  ...,     0,     0,     0],
        [   75,  8226,   196,  ...,     0,     0,     0]], device='cuda:0'))('image_id', tensor([207880, 313923,  87205, 232275, 280242, 430702, 120412, 407945, 557596,
        360585, 422866, 227840, 360300, 222639, 185925, 386589, 568562, 350686,
        194605, 110759, 495377, 474741, 252768, 154241, 367699, 544104, 549427,
        157657,  89378, 395339,  74127, 573223, 559040, 275197, 135815, 493753,
        414822, 535393,  72988,  68601, 342476,  28953, 207292, 338741, 192454,
        237514,  95297, 484973, 229350, 387369,  64279, 220915, 565683, 393423,
        142225, 466373,  11313, 247421, 148004, 226091, 177762,  97729, 510861,
        576233, 189301, 189741, 248319, 112734, 171806, 436199, 259374, 508939,
        234430, 569261,  16064, 120964,  53642, 564926, 106154, 545145, 457705,
        515072, 522616, 346605, 491804, 397486,  58708, 248019, 402387,  91935,
        261207,  90010, 422350, 404655, 431167, 277085, 248255, 129502, 151084,
        288263, 555898, 244666, 226412, 560326, 563436, 467640, 556638, 182398,
        324950, 577176, 466260, 339240, 525567, 446218, 127856, 379733, 301597,
        569697, 504108, 119868, 550944, 413126, 428881, 197350, 175126, 182379,
        169047,  36124, 351112, 158878, 439531, 560459, 101246, 427319, 447728,
        569716, 160415,  45101, 310673, 449721, 284527, 368565, 197094, 353301,
        412687, 184405, 165990, 321318, 310752, 277383], device='cuda:0'))('image_features', tensor([[[2.4416e-02, 4.1859e+00, 1.2343e-01,  ..., 1.4583e-01,
          2.4181e-03, 5.4087e-01],
         [8.3469e-02, 4.5488e+00, 0.0000e+00,  ..., 0.0000e+00,
          2.4048e-01, 2.8737e-03],
         [1.2020e-01, 4.0195e+00, 4.9412e-03,  ..., 0.0000e+00,
          1.9290e-01, 0.0000e+00],
         ...,
         [0.0000e+00, 0.0000e+00, 0.0000e+00,  ..., 0.0000e+00,
          0.0000e+00, 0.0000e+00],
         [0.0000e+00, 0.0000e+00, 0.0000e+00,  ..., 0.0000e+00,
          0.0000e+00, 0.0000e+00],
         [0.0000e+00, 0.0000e+00, 0.0000e+00,  ..., 0.0000e+00,
          0.0000e+00, 0.0000e+00]],

        [[0.0000e+00, 3.6274e-01, 3.4119e-01,  ..., 2.8043e-01,
          8.5258e-02, 3.7714e-03],
         [8.5718e-01, 0.0000e+00, 0.0000e+00,  ..., 0.0000e+00,
          0.0000e+00, 0.0000e+00],
         [0.0000e+00, 1.8635e-02, 1.0077e-01,  ..., 1.4419e+00,
          1.5091e-01, 1.0363e-02],
         ...,
         [0.0000e+00, 0.0000e+00, 0.0000e+00,  ..., 0.0000e+00,
          0.0000e+00, 0.0000e+00],
         [0.0000e+00, 0.0000e+00, 0.0000e+00,  ..., 0.0000e+00,
          0.0000e+00, 0.0000e+00],
         [0.0000e+00, 0.0000e+00, 0.0000e+00,  ..., 0.0000e+00,
          0.0000e+00, 0.0000e+00]],

        [[9.1204e-01, 7.0507e-02, 2.9231e-02,  ..., 7.4428e+00,
          8.6048e-01, 3.5543e-01],
         [0.0000e+00, 0.0000e+00, 1.1569e-03,  ..., 6.8875e+00,
          7.9229e-02, 6.5003e-02],
         [1.1650e-01, 2.3611e-02, 1.7996e-02,  ..., 8.3199e+00,
          0.0000e+00, 2.3777e-01],
         ...,
         [0.0000e+00, 0.0000e+00, 0.0000e+00,  ..., 0.0000e+00,
          0.0000e+00, 0.0000e+00],
         [0.0000e+00, 0.0000e+00, 0.0000e+00,  ..., 0.0000e+00,
          0.0000e+00, 0.0000e+00],
         [0.0000e+00, 0.0000e+00, 0.0000e+00,  ..., 0.0000e+00,
          0.0000e+00, 0.0000e+00]],

        ...,

        [[1.3049e+00, 1.5213e-02, 0.0000e+00,  ..., 0.0000e+00,
          1.3557e-04, 0.0000e+00],
         [1.0804e-02, 1.4805e+00, 4.7554e-01,  ..., 0.0000e+00,
          4.6143e-01, 0.0000e+00],
         [7.7421e-01, 0.0000e+00, 0.0000e+00,  ..., 0.0000e+00,
          2.9849e-01, 1.7630e+00],
         ...,
         [0.0000e+00, 0.0000e+00, 0.0000e+00,  ..., 0.0000e+00,
          0.0000e+00, 0.0000e+00],
         [0.0000e+00, 0.0000e+00, 0.0000e+00,  ..., 0.0000e+00,
          0.0000e+00, 0.0000e+00],
         [0.0000e+00, 0.0000e+00, 0.0000e+00,  ..., 0.0000e+00,
          0.0000e+00, 0.0000e+00]],

        [[1.8764e+00, 1.3700e-01, 0.0000e+00,  ..., 0.0000e+00,
          1.9107e+00, 4.9026e-01],
         [6.7028e-02, 4.1549e-03, 5.7119e-02,  ..., 0.0000e+00,
          6.2931e-01, 3.7467e+00],
         [2.3209e+00, 8.6248e-02, 0.0000e+00,  ..., 0.0000e+00,
          1.1425e-02, 3.1235e+00],
         ...,
         [0.0000e+00, 0.0000e+00, 0.0000e+00,  ..., 0.0000e+00,
          0.0000e+00, 0.0000e+00],
         [0.0000e+00, 0.0000e+00, 0.0000e+00,  ..., 0.0000e+00,
          0.0000e+00, 0.0000e+00],
         [0.0000e+00, 0.0000e+00, 0.0000e+00,  ..., 0.0000e+00,
          0.0000e+00, 0.0000e+00]],

        [[1.0121e-02, 3.9450e-01, 0.0000e+00,  ..., 1.7123e-02,
          4.3067e-01, 0.0000e+00],
         [3.6654e-01, 0.0000e+00, 4.0663e-02,  ..., 3.1415e-01,
          0.0000e+00, 9.8734e-01],
         [1.7469e-01, 2.2081e-01, 1.0221e-02,  ..., 2.0720e+00,
          2.8559e+00, 7.8360e-03],
         ...,
         [0.0000e+00, 0.0000e+00, 0.0000e+00,  ..., 0.0000e+00,
          0.0000e+00, 0.0000e+00],
         [0.0000e+00, 0.0000e+00, 0.0000e+00,  ..., 0.0000e+00,
          0.0000e+00, 0.0000e+00],
         [0.0000e+00, 0.0000e+00, 0.0000e+00,  ..., 0.0000e+00,
          0.0000e+00, 0.0000e+00]]], device='cuda:0'))('caption_tokens', tensor([[   75, 10296,  8567,  ...,     0,     0,     0],
        [   75,  5345,  6069,  ...,     0,     0,     0],
        [   75,  2027,  4678,  ...,     0,     0,     0],
        ...,
        [   75,   708,  6715,  ...,     0,     0,     0],
        [ 9169,  6667,  6069,  ...,     0,     0,     0],
        [   75,  6262,  6030,  ...,     0,     0,     0]], device='cuda:0'))